614

Leti. 329, 331, 332, 390, 404, 406,

408, 498, 499,
Letily. 431, 432.
Letiwewang. 498.
Letresij. 431, 432.
Lettemomme. 394.
Levelorans. 277.
Leijweet. 327.
Leijweij. 398.
Liechob. 431, 432.
Liesbeecq. 122,
Ligoor. 281, 282, 335, 336.
Likogh. 149.
Likwar. 431, 432.
Linques. 379, 380, 381, 382, 411,

412, 413, 414, 416, 431, 433.
Lodeij. 431.
Loeboe. 378, 526, 554.
Loehoe. 13.
Loempo. 369, 399.
Lombok. 493, 540, 541.
Lompo, zie: Loempo.
Lontusie. 498.
Loubou. 346, 347.
Lovelullij. 404.
Luciela. 134.
Lucknow. 220.

M.

Macau. 283, 284.

Madagascar. 508.

Madiolij. 363.

Madjn. 523.

Madrapatnam. 477.

Madura (Voor-Indi). 27, 113,
142, 144, 145, 313, 344, 478,
514517, 519,

Mahoe. 15.

Maittymangelom. 568.

Majutta. 410, 411.

Makassar. 11, 82, 83, 95, 96, 97,
135, 168, 169, 170, 171, 172,
173, 174, 175, 176, 177, 178,
179, 213, 310, 329-331, 341,
342, 343, 346, 347, 348, 352,
354, 358, 362, 363, 364,

367,

 Makassaren.

Makjan. 10, 11, 12, 14,

REGISTER VAN PLAATSNAMEN.

370, 371,
316, 377,
382, 383,
413, 414,
422, 426,
442, 444,
494, 408,
541, 545,
553, 555,

372,
378,
392,
415,

373,
379,
405,
419,
428,
487,
522,
547,

374, 375,
380, 381,
411, 412,
420, 421,
430, 441,
492, 403,
526, 540,
550, 551,
556.

72, 99, 134, 135, 184,
329, 330, 350, 354,
360, 365, 372, 373,
301, 392, 393, 306,
408, 409, 422, 404,
542, 546, 571, 572,
581.

272,
355,
376,
405,
497,
578,

286,
357,
378,
407,
524,
580,
37, 41, 42,
69, 135, 359.
Makoeloe. 523.

  Malabaar (Kust van). 65, 73, 139,

192,
226,
237,
261,
287,
315,
454,
480,
515,
573,
582.

Malainoa. 442.

Malajoe. 8, 12, 14, 41, 42,
353, 362.

Malakka. 155, 187, 211, 286,
293, 294, 335, 538, 539,
578, 579.

Maleiers. 99, 135, 184, 372,
391, 393, 396, 407, 409,
422, 429, 434, 494, 524,

Maleija, zie: Malajoe.

Maleija, zie Malajoe.

Maleyo, zie Malajoc.

Malljap. 189,

Mampoloer. 229.

Manaar, 90, 113, 114, 115, 1
161, 518, 520, 532, 533.

199,
228,
239,
263,
288,
317,
456,
489,
530,
574,

201,
229,
240,
264,
297,
323,
459,
490,
535,
575,

202,
231,
242,
267,
303,
324,
473,
501,
539,
576,

204,
233,
246,
270,
313,
336,
475,
502,
568,
577,

207,
234,
257,
277,
314,
344,
478,
503,
571,
581,

342,

202,
571,

386,
418,
546.

6,

Thus content downloaded from 146.50.98.28 on Wed, 12 Oct 2016 17:56:40 UTC
All use subject to http:fabout.jstor.orgterms
