736

Kupang: 88-107, 184, 197.

Kutei: 115.

Kuwu: 305.

Kwandang: 252-255, 316, 317, 319,
320, 322, 398, 400, 401, 466, 467,
504, 506, 585, 536.

L.

Labuha: 383.

Lagundi: 14, 416.

Lakadiven: 25.

Lakitang: 40.

Lambunu: 166, 167174, 175-176,
180.

Lampongs: 10, 11, 1315, 412, 415,
416, 665 668.

Landak: 421-423.

Lassa, Kaap: 266.

Lawu: 48.

Leiden, Fort: 401.

Leitimor: 267, 268.

Lembo: 168174, 175176, 180.

Lifao: 94, 95, 106.

Ligor: 21.
Lima Kota: 66.
Limbotto: 140, 147, 164, 165, 171,

175176, 252255,
398 401, 466, 474,
Limun: 235.
Linggi: 22, 79, 148,
154, 186188, 246,
Loano: 49.
Lombok: 474.

317319, 323,
503507, 536.

149, 149-152,
426, 428, 578.

M.

Maba: 125, 301, 304,
448, 452, 480482,
543, 546, 548.

Madakare: 26.

Madilagan: 156.

Madiun: 48, 49, 480.

Madjakerta: 49.

Madras: 367, 372, 468, 490, 614, 677,
682, 692, 694, 695.

Madura: 44, 279-281, 310--3M,
329 334, 419-421, 567571, 614,
616, 617, 625.

Magetan: 48, 49.

Magindanao: 71, 132, 142,
277, 285, 286, 313, 314,
390, 391, 405, 406, 409,
433, 436, 437, 445, 454,
515, 927, 547, 592-595.

436, 440442,
484, 522, 526,

172, 266,
334, 335,
428, 430,
455, 502,

REGISTER VAN PLAATSNAMEN.

Mahratten: 74, 238, 353355, 357,
358, 360.

Maitara: 135.

Makassar, Makassaren: 14, 69, 71,
102, 113, 121-122, 131, 132, 142,
170, 172, 219, 265, 266, 268270,
277, 285, 286, 300, 313, 314, 333,
345, 390, 391, 395, 415, 446, 474,
515, 600, 601, 700, 703.

Makean: 57, 251, 386, 494,
543.

Malabaar: 3-8, 19-20, 24-24, 21
29, 5254, 155-154, 239-242,
242243, 243245, 560565, 678,
682687, 689,

Malakka: 12, 22-23, 7780, 113,
148149, 149 152, 152-155, 158 -
161, 182183, 185188, 200-204,
215218, 221-222, 225, 245246,
255258, 377379, 424428, 509
511, 516-517, 5388540, 540-542,
542549, 549551, 551559, 559
560, 573579, 579 584, 6583, 689.

Maleiers: 14, 102, 201, 262, 333, 415,
474, 476, 477, 582, 583, 673, 675,
695.

Maleio: 164, 276, 514.

Malurang: 593-595.

Manapaar: 6, 420.

923, 527,

' Manr: 259, 280, 281, 570, 615, 616.

Mandar, -ezen: 69, 111, 164, 166, 167,
171, 265, 266, 285, 446, 474, 497,
600, 601.

Manganitu: 55, 130, 335, 337, 338
339, 429 431, 669 670.

Mangeli: 299, 300.

Mariku: 302.

Marrua: 311.

Mataram: 41-49, 342 343, 380, 459
460, 460 464, 478 479, 480, 518
520, 5831533, 565-566, 587 592,
644, 646, 662.

Mature: 259, 261, 693.

Mavelicare: 8.

Melawi: 115.

Melur: 419, 420.

Menado: 58, 81, 82,
278, 284, 285, 287,
314, 316, 322, 325, 327, 405-409,
428, 429, 466, 474, 503, 515, 595,
638, 642, 651, 652, 654, 670, 672.

Menangkabau, -ers: 23, 201, 235, 291.

Minahassa: 82, 253, 284, 638 642,
651654.

Mindanao: Zie Magindanao.

Missigit: 2.

133, 142, 171,
288, 311, 313,
