REGISTER VAN PLAATSNAMEN.

Molukken: 5556, 56-59, 8083,
123128, 129 133, 133 134, 134
137, 138, 139, 146148, 157 158,
167174, 175176, 177180, 180
 182, 184, 204-205, 249-251,

737

451, 457, 459,
495, 497, 499,
526, 530, 546,
665, 670, 701.

Orissa: 208, 247, 270213.

467, 472, 475, 484,
503, 507, 508, 516,
513, 586, 595, 619,

252255, 267, 273279, 282-288,

292, 299, 302, 307, 309, 311316,
317-319, 321-323, 323, 324-325,
325321, 327-329, 334336, 336
338, 338339, 340341, 343-349,
364, 382383, 387 392, 395398,
398 401, 401403, 403, 406, 407,
410-411, 419, 428-431, 432433,
433453, 453457, 465467, 468
412, 472-415, 480484, 491495,
496 497, 497, 500-503, 503507,
507508, 511-516, 520530, 571
573, 579, 584586, 592, 592595,
618 619, 651, 652, 663665, 669
670, 670672, 688, 699 702.

Moorshidabad: 208, 220, 272.

Moren: 601, 603, 628, 629, 695, 703,
708.

Morotai: 493.

Moton: 168.

Muara Tandjong: 289 291.

Musi: 63.

N.

Nagasaki: 8, 9.

Naning: 200-204.

Nassau, Kasteel: 321, 323, 398, 689.

Natal: 74, 198-200, 211-215.

Negapatnam: 129, 238, 239, 247, 248,
294, 295, 298, 353-355, 357 361,
365, 366, 370-373, 467, 475477,
484491.

Negros: 335.

Ngandjuk: 48, 49.

Ngawi: 48.

Nias: 199.

Noorwegen, eiland: 135.

Nusa Laut: 267.

0.

Obi: 125, 469.
Oma: 267.
Oostenburg, Fort: 674676.
Oranje, Kasteel: 56, 57, 80, 83,
133135, 137, 145, 146, 148,
167, 179,    255,
302, 309,    325,
339, 341,    365,
403, 410,    433,

P.

Padang: 30, 31, 35-39, 4952, 54,
64, 65, 198, 211215, 227, 223, 230,
289, 291, 689,

Padjang: 47.

Pahang: 23, 77, 148, 152, 549, 551
559, 579 584,

Painan: 3637.

Paleleh: 474.

Palembang, -ers: 23, 59-64, 85, 87,
111, 113, 222227, 232234, 394
395, 404405, 557, 654662, 665
668.

Palicol: 467, 468.

Palliacatte: 128, 467.

Paloppo: 69, 180182.

Palpetti: 20, 240, 242, 243.

Palu: 165, 397, 400, 474, 573.

Pambenaar: 280.

Parnekassan: 332.

Pamerden: 48, 342.

Panagi: 202.

Panany: 156.

Panaraga: 47, 48, 478, 479.

Pangasang: 40.

Pandjang, Pulau: 12, 414.

Paponetti: 155, 156.

Papekat: 121122.

Papua’s: 266, 267, 301, 436, 440, 442,
447, 448, 468, 469, 471, 482, 484,
522, 526, 543, 546.

Parigi: 140, 165, 171, 322, 571573.

Pasanan: 289292.

Pasir: 115, 596, 599, 706.

Passan: 640.

Patani: 125, 160, 301, 302, 304, 435,
436, 440-442, 448, 452, 480482,
484, 494, 522, 526, 543, 546, 548.

Pati: 350.

Patjitan: 48, 49.

Patna: 207, 272.

Pau: 5051.

Pekalongan: 461.

Pelangilt): 40.

Pelim: 343, 344.

Pembogoan: 17, 19.

Perak, 1-2, 22, 182183, 255258,

 311319.

 Philippina, Fort: 149, 151.

