REGISTER VAN PLAATSNAMEN.

T.

Tabukan: 157158, 335, 337, 341,
429431, 500 503, 507, 508, 664.

Tabussang: 74.

Tagulandang: 55-56, 335, 337, 429
 481, 507508.

Tahula: 304.

Taliwang: 269.

Tambora: 122.

Tandjong Pinang: 582.

Tandjore: 238239, 239, 353354,
854357, 365, 366, 368370, 372
376, 477.

Tapanuli, 64, 74, 76.

Tarato: 39 40.

Taruna: 138134, 158, 204205,
335, 337, 429 431, 432433.

Tatas: 113, 116, 121, 707.

Tegal: 461, 632.

Tello: 3840, 219.

Tembesi: 235,

Tepas: 195, 197.

Ternate: 56, 5659, 66, 67, 69, 71
73, 30, 82, 83, 123, 125127, 129
131, 133, 134, 135137, 138, 145,
146, 148, 157, 158, 164, 167170,
172174, 178, 179, 249252, 255,
216278, 282, 285, 286,
294, 302, 307, 309, 311,
317, 318, 320, 322326,
336, 338-341, 343-349,
384387, 388- 390, 392,
400, 401, 403, 405-410,
428, 432, 433, 435, 436,
446449, 451, 452, 456,
467, 470, 472, 475, 484,
495, 497-499, 500, 503, 507,
514-516, 520523, 525527,
543, 544, 546, 548, 572, 573,
592, 595, 619, 639642, 665,
699 701.

Tidore: 134, 185 137, 250, 299 304,
307 310, 385, 438453, 468, 480-
484, 493, 494, 520530, 542549.

Tigabelas Kota: 227232,

Tiku: 66.

Timor: 87107, 107, 177, 183184,
195197.

Tirnevelo: 419, 420, 615.

Tjaruban: 49.

314,
334,
383,

 Tjengkalsewu: 350, 352.

Tjilatjap: 48.

Tjingkuk, Pulau: 31, 34-36, 49, 50,
213.

Tobello: 253, 327-829.

Togean: 254.

Tomakalang: 132, 133, 143, 184.

Tombulu: 253.

Tomini, Golf van: 70, 143, 164, 168,
173, 175, 254, 397.

 Tonsawang: 284, 640.

292, '

Tontoli: 400, 46546.
Trankebaar: 475.

Travancore: 8-8, 19.
Trengganu: 23, 77, 148.
Trichinopoli: 477.

Trinkomale: 259, 262, 673675.

’ Tripontare: 565.

Triporatty: 241, 243245.

 Trusan: 30-32, 34, 36, 38, 39, 50,

291.
Tudjuh Kota: 66.
Tulang Bawang: 666, 667.
Tulungagung: 49.
Tutikoryn: 279, 281, 419, 420, 567
569, 615, 695,

U.

, Ulaka: 66.

Ungaran: 712.
Untung Djawa: 12.

V.

Victoria, Kasteel:
Vredenburg: 65.

266, 268.

Ww.

Warong: 48, 49.
Weda: 301, 304, 436,
452, 480482, 484,
543, 546, 548.
Werinama: 265-268.
Wetang: 82.
William, Fort:
206209.
Wingurla: 19, 155.
Wirasari: 49.
Wirosaba: 47, 48, 478, 479.

440- 442, 448,
522, 526, 527,

189, 190, 193, 194,
