734

Bolano: 168.

Bombay: 74.

Bone: 144, 146-148, 322323, 324
825.

Bongaja: 219.

Boni (Golf vanl: 180, 219, 269, 474.

Borneo: 71, 88, 108, 111, 112, 116,
120, 266, 235, 313, 412, 421-423,
446, 557, 600.

Brinsjan: 4.

Buantang: 23.

Buginezen: 14, 22, 23, 69, 111, 143,
152, 164, 167, 168, 171, 265, 266,
285, 289, 300, 313, 333, 415, 427,
446, 466, 474, 497, 533, 536, 549
504, 573, 582, 583, 596, 600, 601,
609, 703, 708.

Bulanga: 144, 285, 315, 322-323,
325, 395-398, 401403, 592.

Bumikintjana: 608, 611, 613, 638,
708, 709.

Buru: 301, 469.

Buton, -ners: 266, 345,

Bwool: 177-180, 253, 327-329, 400,
412415, 586.

C.

Cairo: 84-85,

Calcutta: 189, 194, 208, 272.

Calicut: 155 157.

Cambaya, Golf van: 362.

Cambodja: 160.

Cananoor: 2429, 53.

Canara: 19, 24, 155.

Carli, Berg: 24, 53.

Carnatica: 129, 353, 365, 370-373,
375, 376, 567, 569, 570, 614 617.

Castricumsbaai: 82.

Celebes: 70, 8083, 129133, 146--
148, 167 174, 175-176, 177180,
180182, 184, 252255, 265, 266,
273219, 282 288, 311-316, 317
319, 321323, 323, 324 325, 325
327, 327 329, 346, 390, 395-398,
401-403, 403, 405-407, 409, 410
411, 446, 456, 465 467, 472475,
503507, 557, 571573, 584-586,
592, 670 672.

Ceram, -mers: 102, 265-268, 299
304, 446, 447, 522, 618.

Ceylon: 4, 17, 258265, 279281,
810 311, 419-421, 467, 485, 489,
567571, 614-617, 628, 673674,
674675, 676682, 683, 685, 689
699.

REGISTER VAN PLAATSNAMEN,

Chawacaty: 8.

Chenotti: 155.

Cheribon: 718720.

Chettua: 8, 19, 20, 156, 240, 242, 243.

Chikil: 238,

Chilau: 693.

China, Chinezen: 61, 107, 108, 110

117, 120, 125, 225, 226, 234,

394, 415, 446, 461, 462,

583, 587, 600, 601, 603,

659, 703, 706-708, 712,
713,

Chinsura: 190, 206, 207, 272.

Cochin: 3, 8, 19, 20, 26, 29, 561565,
5693, 682687.

Coilan: 6.

Collastri: 24-27, 27, 28, 5254.

Colletie: 6.

Colombo: 259, 261, 263, 265, 279,
280, 486, 490, 567, 569, 571, 617,
676 678, 680, 681, 683, 685, 689
92, 696, 699.

Comorijn, Kaap: 6, 362.

Concordia, Kasteel: 106.

Cottatte: 5.

Cranganoor: 155, 157.

Dajaks: 599, 603.
Dajeuhluhur: 48.
Danda Rajpuri: 946.
DPatahan: 640.
Dekhan: 7476,

' Diamant, Kasteel: 11, 1416, 18, 19,

417, 423.
Ding: 461.
Djagaraga: 48.
Djailolo: 302.
Djambi: 8587,
Djapan: 49, 430.
Djipang: 48, 49, 480.

Djohor: 2223, 77-80, 113, 148-
149, 150, 151, 152155, 185, 216,
425, 533, 549551, 551559, 579
584.

Djokjakarta: 41, 304307, 342, 380,
382, 459 460, 460 464, 480, 518
520, 531, 587-592, 619, 620, 631,
635 636, 642 649, 650, 662-663.

Djombang: 48.

Dompo: 122.

Duabelas Kota: 66.

Dusun: 599, 637.

158, 232237.
